2.4179261207813965 0.1
2.4283881749790566 0.15000000000000002
2.439287432151565 0.2
2.451114077935583 0.25
2.4639955664265587 0.3
2.4776465361158784 0.35
2.495123130484476 0.39999999999999997
2.5130368330570936 0.44999999999999996
2.5338179696952836 0.49999999999999994
2.5601865334531873 0.5499999999999999
2.5865338113551086 0.6
2.619563588500082 0.65
2.6570998565313113 0.7000000000000001
2.6972187020846223 0.7500000000000001
2.7489996214666492 0.8000000000000002
2.81159480133679 0.8500000000000002
2.907800996443385 0.9000000000000002
3.031511636896338 0.9500000000000003
3.1791706762627445 1.0000000000000002
3.4443040510199205 1.0500000000000003
3.8708268733924136 1.1000000000000003
4.806239491034124 1.1500000000000004
6.226726671238408 1.2000000000000004
8.663860804912952 1.2500000000000004
14.26547776398658 1.3000000000000005
20.69145234713174 1.3500000000000005
28.700062136415532 1.4000000000000006
35.069830626220934 1.4500000000000006
42.42122500168794 1.5000000000000007
51.0820709373711 1.5500000000000007
58.937656244462694 1.6000000000000008
66.69968305526174 1.6500000000000008
76.11466634247104 1.7000000000000008
83.70671405621141 1.7500000000000009
92.11792482141483 1.800000000000001
98.21766334067382 1.850000000000001
106.67904453025807 1.900000000000001
115.28324017553417 1.950000000000001
121.86909503248062 2.000000000000001
131.48530337955447 2.0500000000000007
138.77312689828784 2.1000000000000005
146.9633153549962 2.1500000000000004
154.15021011454047 2.2
162.7409411443996 2.25
171.9603448999564 2.3
177.4064663963719 2.3499999999999996
186.75311521726582 2.3999999999999995
194.3230838955302 2.4499999999999993
202.61588077479618 2.499999999999999
209.75140908291272 2.549999999999999
219.58015970023064 2.5999999999999988
225.76270169718956 2.6499999999999986
232.64064150693187 2.6999999999999984
243.48524014440304 2.7499999999999982
250.47616611561045 2.799999999999998
258.49793294818903 2.849999999999998
267.6708823516955 2.8999999999999977
274.2930569985131 2.9499999999999975
282.94696955292704 2.9999999999999973
291.90352864193 3.049999999999997
298.3129788602691 3.099999999999997
306.86585291384887 3.149999999999997
314.4017341641927 3.1999999999999966
323.41913359255386 3.2499999999999964
331.4373073554322 3.2999999999999963
340.83121906654634 3.349999999999996
345.61429460625135 3.399999999999996
353.19939581257916 3.4499999999999957
361.76170684858334 3.4999999999999956
370.66835364137097 3.5499999999999954
376.2501081648079 3.599999999999995
386.4672388083872 3.649999999999995
394.4481611243482 3.699999999999995
401.9183910893807 3.7499999999999947
411.9312776112723 3.7999999999999945
419.4607374942217 3.8499999999999943
426.63615913594964 3.899999999999994
434.4202069744029 3.949999999999994
441.8190863839367 3.999999999999994
448.96275508037183 4.049999999999994
459.01515233723205 4.099999999999993
463.756681923067 4.149999999999993
473.8969019972529 4.199999999999993
481.8283628446214 4.249999999999993
490.33515254185477 4.299999999999993
497.8362903787076 4.3499999999999925
507.2456130954486 4.399999999999992
514.2590195971811 4.449999999999992
521.7148774143643 4.499999999999992
530.9495331685704 4.549999999999992
536.66285676774 4.599999999999992
544.0677879499312 4.6499999999999915
556.6165541874885 4.699999999999991
562.8266858256891 4.749999999999991
569.4045276967636 4.799999999999991
575.4792507400757 4.849999999999991
587.7215046205787 4.899999999999991
592.5669477972632 4.94999999999999
602.0806656488918 4.99999999999999
