0.0 0.1
0.0 0.15000000000000002
0.0 0.2
0.0 0.25
0.0 0.3
0.0 0.35
0.0 0.39999999999999997
0.0 0.44999999999999996
0.0 0.49999999999999994
0.0 0.5499999999999999
0.0 0.6
0.0 0.65
0.0 0.7000000000000001
0.0 0.7500000000000001
0.0 0.8000000000000002
0.07 0.8500000000000002
0.29 0.9000000000000002
0.66 0.9500000000000003
1.16 1.0000000000000002
1.59 1.0500000000000003
2.79 1.1000000000000003
4.14 1.1500000000000004
8.29 1.2000000000000004
17.09 1.2500000000000004
27.16 1.3000000000000005
44.04 1.3500000000000005
64.13 1.4000000000000006
81.92 1.4500000000000006
101.77 1.5000000000000007
121.54 1.5500000000000007
142.93 1.6000000000000008
162.56 1.6500000000000008
177.3 1.7000000000000008
202.74 1.7500000000000009
223.86 1.800000000000001
239.64 1.850000000000001
263.35 1.900000000000001
279.19 1.950000000000001
299.29 2.000000000000001
321.59 2.0500000000000007
339.72 2.1000000000000005
358.43 2.1500000000000004
380.65 2.2
401.9 2.25
418.7 2.3
439.95 2.3499999999999996
457.07 2.3999999999999995
475.69 2.4499999999999993
495.35 2.499999999999999
515.95 2.549999999999999
537.09 2.5999999999999988
557.25 2.6499999999999986
578.71 2.6999999999999984
602.18 2.7499999999999982
618.79 2.799999999999998
640.63 2.849999999999998
660.8 2.8999999999999977
677.98 2.9499999999999975
701.34 2.9999999999999973
720.51 3.049999999999997
735.06 3.099999999999997
758.46 3.149999999999997
776.58 3.1999999999999966
795.8 3.2499999999999964
817.99 3.2999999999999963
834.43 3.349999999999996
854.97 3.399999999999996
875.85 3.4499999999999957
899.26 3.4999999999999956
920.96 3.5499999999999954
936.07 3.599999999999995
957.09 3.649999999999995
979.05 3.699999999999995
999.18 3.7499999999999947
1018.15 3.7999999999999945
1039.1 3.8499999999999943
1056.63 3.899999999999994
1078.75 3.949999999999994
1094.09 3.999999999999994
1113.76 4.049999999999994
1136.59 4.099999999999993
1156.32 4.149999999999993
1182.4 4.199999999999993
1195.28 4.249999999999993
1218.84 4.299999999999993
1237.26 4.3499999999999925
1252.82 4.399999999999992
1278.29 4.449999999999992
1300.38 4.499999999999992
1317.48 4.549999999999992
1340.41 4.599999999999992
1355.67 4.6499999999999915
1381.58 4.699999999999991
1397.29 4.749999999999991
1417.13 4.799999999999991
1443.46 4.849999999999991
1458.63 4.899999999999991
1474.3 4.94999999999999
1500.12 4.99999999999999
