2.4182561247694228 0.1
2.427521373643087 0.15000000000000002
2.439556511733088 0.2
2.449910538769489 0.25
2.4643811849255086 0.3
2.4785636233986144 0.35
2.496904521747287 0.39999999999999997
2.512051653300493 0.44999999999999996
2.537158400929354 0.49999999999999994
2.5592413431505308 0.5499999999999999
2.5877558401124774 0.6
2.6177444845543083 0.65
2.6514802974613145 0.7000000000000001
2.69581635684309 0.7500000000000001
2.7456572161700565 0.8000000000000002
2.8201250685541943 0.8500000000000002
2.9217962701459057 0.9000000000000002
3.0588437679971516 0.9500000000000003
3.2026588914619714 1.0000000000000002
3.4676579587079095 1.0500000000000003
3.816300049037325 1.1000000000000003
4.485022503965191 1.1500000000000004
6.123844251283224 1.2000000000000004
9.602885949908341 1.2500000000000004
14.985627668167314 1.3000000000000005
20.865240785367636 1.3500000000000005
29.30068846518524 1.4000000000000006
35.407112125972745 1.4500000000000006
42.910068157290326 1.5000000000000007
51.656011448123984 1.5500000000000007
57.97957062855189 1.6000000000000008
66.23258427065879 1.6500000000000008
75.06257193444127 1.7000000000000008
82.2265729787321 1.7500000000000009
91.81786952140307 1.800000000000001
97.92775937467155 1.850000000000001
108.69267070541939 1.900000000000001
114.8491166689143 1.950000000000001
124.57597878071964 2.000000000000001
129.35537523078506 2.0500000000000007
141.14337319811622 2.1000000000000005
147.71988572324403 2.1500000000000004
155.15985792329425 2.2
162.85337605036014 2.25
170.9328333402742 2.3
177.12899356044468 2.3499999999999996
187.35906703535912 2.3999999999999995
195.23814519602183 2.4499999999999993
203.0940866907962 2.499999999999999
211.1147283755624 2.549999999999999
217.67754443269575 2.5999999999999988
225.74082530448695 2.6499999999999986
234.98848177143205 2.6999999999999984
241.50999758817204 2.7499999999999982
251.34119563765228 2.799999999999998
259.82301683043283 2.849999999999998
264.6912899665305 2.8999999999999977
273.2743414984441 2.9499999999999975
283.6515588902302 2.9999999999999973
288.5314568844609 3.049999999999997
296.41217025059484 3.099999999999997
306.5365306198567 3.149999999999997
314.17693261365866 3.1999999999999966
322.5054198039591 3.2499999999999964
329.5952948379725 3.2999999999999963
337.8218451288416 3.349999999999996
346.2954491177848 3.399999999999996
354.09195133651735 3.4499999999999957
363.16762719816256 3.4999999999999956
370.86003829417865 3.5499999999999954
380.26846689825624 3.599999999999995
385.8188420881329 3.649999999999995
396.08252526636534 3.699999999999995
403.15498525808187 3.7499999999999947
412.09348618630435 3.7999999999999945
419.7294021329536 3.8499999999999943
426.7531851040683 3.899999999999994
437.02758787499295 3.949999999999994
441.575799859216 3.999999999999994
450.0609247029354 4.049999999999994
459.16791164322007 4.099999999999993
465.3192369463481 4.149999999999993
472.6948378700691 4.199999999999993
481.27343458593015 4.249999999999993
491.08903686083175 4.299999999999993
499.95468190330337 4.3499999999999925
506.62540539072086 4.399999999999992
515.9335451408156 4.449999999999992
521.0671719613338 4.499999999999992
530.0265617577547 4.549999999999992
539.2015976400885 4.599999999999992
545.16733944201 4.6499999999999915
553.7509017379655 4.699999999999991
562.7128196905816 4.749999999999991
572.2424410445753 4.799999999999991
579.8074571744971 4.849999999999991
588.4328063120919 4.899999999999991
595.0501984426483 4.94999999999999
602.4210094889233 4.99999999999999
