0.0 0.1
0.0 0.15000000000000002
0.0 0.2
0.0 0.25
0.0 0.3
0.0 0.35
0.0 0.39999999999999997
0.0 0.44999999999999996
0.0 0.49999999999999994
0.0 0.5499999999999999
0.0 0.6
0.0 0.65
0.0 0.7000000000000001
0.0 0.7500000000000001
0.02 0.8000000000000002
0.1 0.8500000000000002
0.74 0.9000000000000002
1.58 0.9500000000000003
2.22 1.0000000000000002
3.48 1.0500000000000003
5.08 1.1000000000000003
8.38 1.1500000000000004
14.34 1.2000000000000004
33.28 1.2500000000000004
60.56 1.3000000000000005
91.76 1.3500000000000005
122.26 1.4000000000000006
160.1 1.4500000000000006
204.22 1.5000000000000007
241.3 1.5500000000000007
281.18 1.6000000000000008
318.08 1.6500000000000008
357.62 1.7000000000000008
404.06 1.7500000000000009
439.76 1.800000000000001
485.72 1.850000000000001
521.76 1.900000000000001
558.4 1.950000000000001
596.62 2.000000000000001
641.68 2.0500000000000007
679.92 2.1000000000000005
716.98 2.1500000000000004
764.42 2.2
801.28 2.25
842.22 2.3
872.34 2.3499999999999996
914.66 2.3999999999999995
973.94 2.4499999999999993
994.6 2.499999999999999
1039.9 2.549999999999999
1077.46 2.5999999999999988
1111.08 2.6499999999999986
1155.2 2.6999999999999984
1200.16 2.7499999999999982
1242.88 2.799999999999998
1279.72 2.849999999999998
1312.52 2.8999999999999977
1358.78 2.9499999999999975
1399.32 2.9999999999999973
1438.48 3.049999999999997
1475.76 3.099999999999997
1505.5 3.149999999999997
1562.84 3.1999999999999966
1589.8 3.2499999999999964
1636.54 3.2999999999999963
1675.46 3.349999999999996
1723.86 3.399999999999996
1764.5 3.4499999999999957
1803.84 3.4999999999999956
1835.92 3.5499999999999954
1868.66 3.599999999999995
1915.6 3.649999999999995
1954.9 3.699999999999995
1997.04 3.7499999999999947
2032.84 3.7999999999999945
2072.9 3.8499999999999943
2124.66 3.899999999999994
2153.84 3.949999999999994
2193.84 3.999999999999994
2243.6 4.049999999999994
2265.56 4.099999999999993
2311.94 4.149999999999993
2350.86 4.199999999999993
2408.52 4.249999999999993
2440.26 4.299999999999993
2482.94 4.3499999999999925
2521.48 4.399999999999992
2557.14 4.449999999999992
2596.26 4.499999999999992
2624.72 4.549999999999992
2677.04 4.599999999999992
2721.6 4.6499999999999915
2752.82 4.699999999999991
2790.94 4.749999999999991
2832.48 4.799999999999991
2868.38 4.849999999999991
2918.16 4.899999999999991
2963.1 4.94999999999999
2999.42 4.99999999999999
