0.0 0.1
0.0 0.15000000000000002
0.0 0.2
0.0 0.25
0.0 0.3
0.0 0.35
0.0 0.39999999999999997
0.0 0.44999999999999996
0.0 0.49999999999999994
0.0 0.5499999999999999
0.0 0.6
0.0 0.65
0.0 0.7000000000000001
0.0 0.7500000000000001
0.0 0.8000000000000002
0.04 0.8500000000000002
0.33 0.9000000000000002
0.73 0.9500000000000003
1.02 1.0000000000000002
1.71 1.0500000000000003
2.7 1.1000000000000003
4.35 1.1500000000000004
6.92 1.2000000000000004
14.51 1.2500000000000004
29.81 1.3000000000000005
46.01 1.3500000000000005
64.49 1.4000000000000006
83.4 1.4500000000000006
101.88 1.5000000000000007
121.83 1.5500000000000007
141.2 1.6000000000000008
158.98 1.6500000000000008
178.44 1.7000000000000008
199.83 1.7500000000000009
220.12 1.800000000000001
236.67 1.850000000000001
256.26 1.900000000000001
279.39 1.950000000000001
303.42 2.000000000000001
319.85 2.0500000000000007
340.51 2.1000000000000005
360.97 2.1500000000000004
377.33 2.2
397.82 2.25
417.19 2.3
440.38 2.3499999999999996
460.31 2.3999999999999995
481.28 2.4499999999999993
499.92 2.499999999999999
517.59 2.549999999999999
540.33 2.5999999999999988
558.31 2.6499999999999986
579.3 2.6999999999999984
597.8 2.7499999999999982
615.01 2.799999999999998
637.41 2.849999999999998
661.94 2.8999999999999977
682.01 2.9499999999999975
700.4 2.9999999999999973
727.38 3.049999999999997
737.48 3.099999999999997
754.81 3.149999999999997
777.74 3.1999999999999966
799.64 3.2499999999999964
823.59 3.2999999999999963
838.45 3.349999999999996
859.38 3.399999999999996
881.88 3.4499999999999957
897.59 3.4999999999999956
916.25 3.5499999999999954
937.89 3.599999999999995
958.4 3.649999999999995
979.56 3.699999999999995
1000.02 3.7499999999999947
1018.58 3.7999999999999945
1039.68 3.8499999999999943
1061.46 3.899999999999994
1075.7 3.949999999999994
1104.3 3.999999999999994
1118.16 4.049999999999994
1142.86 4.099999999999993
1159.2 4.149999999999993
1181.51 4.199999999999993
1203.45 4.249999999999993
1219.83 4.299999999999993
1238.69 4.3499999999999925
1261.51 4.399999999999992
1278.8 4.449999999999992
1298.34 4.499999999999992
1323.17 4.549999999999992
1338.86 4.599999999999992
1354.42 4.6499999999999915
1381.78 4.699999999999991
1400.5 4.749999999999991
1420.44 4.799999999999991
1433.11 4.849999999999991
1455.42 4.899999999999991
1473.22 4.94999999999999
1501.91 4.99999999999999
