1.20919088030047 0.1
1.2138689620299796 0.15000000000000002
1.2195168064074757 0.2
1.2253300611908193 0.25
1.231673510070593 0.3
1.2386478927935718 0.35
1.247656999786226 0.39999999999999997
1.256127375874043 0.44999999999999996
1.2667349329269437 0.49999999999999994
1.2793651689044787 0.5499999999999999
1.2923229475445208 0.6
1.307084380013692 0.65
1.3270343427673612 0.7000000000000001
1.3526013448555378 0.7500000000000001
1.3782644865163531 0.8000000000000002
1.4136266062243168 0.8500000000000002
1.4559666089498662 0.9000000000000002
1.5143793321257584 0.9500000000000003
1.5996469733569842 1.0000000000000002
1.7020937687908428 1.0500000000000003
1.8957972491776554 1.1000000000000003
2.214394627284237 1.1500000000000004
3.1412341245343374 1.2000000000000004
4.605770949971995 1.2500000000000004
7.164865469507817 1.3000000000000005
10.799673311497056 1.3500000000000005
14.075343009096098 1.4000000000000006
17.57740065048236 1.4500000000000006
21.52406835747739 1.5000000000000007
26.313295343361965 1.5500000000000007
29.47186089939278 1.6000000000000008
33.35159922325487 1.6500000000000008
37.535051661059825 1.7000000000000008
41.46016892211959 1.7500000000000009
45.42353719822218 1.800000000000001
48.5106690133768 1.850000000000001
54.10595501747575 1.900000000000001
57.80851931676085 1.950000000000001
61.41999836736321 2.000000000000001
65.57081693067542 2.0500000000000007
70.06729644374538 2.1000000000000005
73.02488001467916 2.1500000000000004
77.42305118775462 2.2
81.08559859399458 2.25
85.07321637765698 2.3
88.8695274115425 2.3499999999999996
93.38661512462686 2.3999999999999995
97.58542140278468 2.4499999999999993
101.24057936643494 2.499999999999999
105.24927029581742 2.549999999999999
109.39057619526022 2.5999999999999988
113.52125695573608 2.6499999999999986
116.96667800675431 2.6999999999999984
121.47864995505726 2.7499999999999982
125.80863920250529 2.799999999999998
129.17919347177468 2.849999999999998
133.83572727584647 2.8999999999999977
137.74122378416402 2.9499999999999975
141.27233270044425 2.9999999999999973
145.36731799149496 3.049999999999997
149.1657150755893 3.099999999999997
153.02947708404218 3.149999999999997
157.61358275459506 3.1999999999999966
160.7498679411608 3.2499999999999964
165.52075109867002 3.2999999999999963
169.46305613870823 3.349999999999996
173.10488801090096 3.399999999999996
176.8089823241022 3.4499999999999957
181.24072009990866 3.4999999999999956
184.7845971119767 3.5499999999999954
188.77343781325652 3.599999999999995
193.26944118157135 3.649999999999995
197.05013759609778 3.699999999999995
199.77799998580628 3.7499999999999947
204.82596695858336 3.7999999999999945
209.07587114811162 3.8499999999999943
213.3116409554386 3.899999999999994
217.89852859507704 3.949999999999994
221.23155591875337 3.999999999999994
223.727446336882 4.049999999999994
228.86267011522156 4.099999999999993
233.48490782847904 4.149999999999993
237.85146976266168 4.199999999999993
241.07963021690534 4.249999999999993
244.80833403168944 4.299999999999993
248.78712638978644 4.3499999999999925
252.51335037855748 4.399999999999992
258.53222515273825 4.449999999999992
261.3900878406912 4.499999999999992
264.6209590904866 4.549999999999992
269.0663892358867 4.599999999999992
272.9675062733741 4.6499999999999915
277.33474207884717 4.699999999999991
280.37732011135233 4.749999999999991
284.0602917901793 4.799999999999991
288.5824367430603 4.849999999999991
292.7836292622629 4.899999999999991
297.7969029632761 4.94999999999999
300.12073659610087 4.99999999999999
